$ANSIBLE_VAULT;1.1;AES256
39646461623531303234343264666463373531333730633766306463343739663338386261323635
6562303232383935393162666539366262336231386365300a366663613736666563396561323666
36333734306566663835663761326236633032313639646233316131636564653831643536663732
6534336339666539630a383831363531336136653735363432313039393266653665336363363639
39303466346336363036313533623333306261353265346234366534633430376266393562353630
39376662613530393833306238356437656166386161653265373731353637316334316132346239
61343136316439353139656662393333323238333834363932326438646536373534363462313562
39336362323138633862626638393665656561353730623135323239653665386138303664303735
64333063303236613238326331643165316564396533363737653632313734363834656232653164
34633737336335633563306232373262653636333164616532303266313864343134383338393062
613361393433353439346437636536626139
